0
3
4
4
4
7
8
8
8
11
12
12
12
15
16
16
16
19
20
20
20
23
24
24
24
27
28
28
28
31
32
32
32
35
36
36
36
39
40
40
40
43
44
44
44
47
48
48
48
51
52
52
52
55
56
56
56
59
60
60
60
63
64
64
64
67
68
68
68
71
72
72
72
75
76
76
76
79
80
80
80
83
84
84
84
87
88
88
88
91
92
92
92
95
96
96
96
99
100
100
100
103
104
104
104
107
108
108
108
111
112
112
112
115
116
116
116
119
120
120
120
123
124
124
124
127
128
128
128
131
132
132
132
135
136
136
136
139
140
140
140
143
144
144
144
147
148
148
148
151
152
152
152
155
156
156
156
159
160
160
160
163
164
164
164
167
168
168
168
171
172
172
172
175
176
176
176
179
180
180
180
183
184
184
184
187
188
188
188
191
192
192
192
195
196
196
196
199
200
200
200
203
204
204
204
207
208
208
208
211
212
212
212
215
216
216
216
219
220
220
220
223
224
224
224
227
228
228
228
231
232
232
232
235
236
236
236
239
240
240
240
243
244
244
244
247
248
248
248
251
252
252
252
255
256
256
256
259
260
260
260
263
264
264
264
267
268
268
268
271
272
272
272
275
276
276
276
279
280
280
280
283
284
284
284
287
288
288
288
291
292
292
292
295
296
296
296
299
300
300
300
303
304
304
304
307
308
308
308
311
312
312
312
315
316
316
316
319
320
320
320
323
324
324
324
327
328
328
328
331
332
332
332
335
336
336
336
339
340
340
340
343
344
344
344
347
348
348
348
351
352
352
352
355
356
356
356
359
360
360
360
363
364
364
364
367
368
368
368
371
372
372
372
375
376
376
376
379
380
380
380
383
384
384
384
387
388
388
388
391
392
392
392
395
396
396
396
399
400
400
400
403
404
404
404
407
408
408
408
411
412
412
412
415
416
416
416
419
420
420
420
423
424
424
424
427
428
428
428
431
432
432
432
435
436
436
436
439
440
440
440
443
444
444
444
447
448
448
448
451
452
452
452
455
456
456
456
459
460
460
460
463
464
464
464
467
468
468
468
471
472
472
472
475
476
476
476
479
480
480
480
483
484
484
484
487
488
488
488
491
492
492
492
495
496
496
496
499
500
500
500
503
504
504
504
507
508
508
508
511
512
512
512
515
516
516
516
519
520
520
520
523
524
524
524
527
528
528
528
531
532
532
532
535
536
536
536
539
540
540
540
543
544
544
544
547
548
548
548
551
552
552
552
555
556
556
556
559
560
560
560
563
564
564
564
567
568
568
568
571
572
572
572
575
576
576
576
579
580
580
580
583
584
584
584
587
588
588
588
591
592
592
592
595
596
596
596
599
600
600
600
603
604
604
604
607
608
608
608
611
612
612
612
615
616
616
616
619
620
620
620
623
624
624
624
627
628
628
628
631
632
632
632
635
636
636
636
639
640
640
640
643
644
644
644
647
648
648
648
651
652
652
652
655
656
656
656
659
660
660
660
663
664
664
664
667
668
668
668
671
672
672
672
675
676
676
676
679
680
680
680
683
684
684
684
687
688
688
688
691
692
692
692
695
696
696
696
699
700
700
700
703
704
704
704
707
708
708
708
711
712
712
712
715
716
716
716
719
720
720
720
723
724
724
724
727
728
728
728
731
732
732
732
735
736
736
736
739
740
740
740
743
744
744
744
747
748
748
748
751
752
752
752
755
756
756
756
759
760
760
760
763
764
764
764
767
768
768
768
771
772
772
772
775
776
776
776
779
780
780
780
783
784
784
784
787
788
788
788
791
792
792
792
795
796
796
796
799
800
800
800
803
804
804
804
807
808
808
808
811
812
812
812
815
816
816
816
819
820
820
820
823
824
824
824
827
828
828
828
831
832
832
832
835
836
836
836
839
840
840
840
843
844
844
844
847
848
848
848
851
852
852
852
855
856
856
856
859
860
860
860
863
864
864
864
867
868
868
868
871
872
872
872
875
876
876
876
879
880
880
880
883
884
884
884
887
888
888
888
891
892
892
892
895
896
896
896
899
900
900
900
903
904
904
904
907
908
908
908
911
912
912
912
915
916
916
916
919
920
920
920
923
924
924
924
927
928
928
928
931
932
932
932
935
936
936
936
939
940
940
940
943
944
944
944
947
948
948
948
951
952
952
952
955
956
956
956
959
960
960
960
963
964
964
964
967
968
968
968
971
972
972
972
975
976
976
976
979
980
980
980
983
984
984
984
987
988
988
988
991
992
992
992
995
996
996
996
999
1000
1000
1000
1003
1004
1004
1004
1007
1008
1008
1008
1011
1012
1012
1012
1015
1016
1016
1016
1019
1020
1020
1020
1023
1024
1024
1024
1027
1028
1028
1028
1031
1032
1032
1032
1035
1036
1036
1036
1039
1040
1040
1040
1043
1044
1044
1044
1047
1048
1048
1048
1051
1052
1052
1052
1055
1056
1056
1056
1059
1060
1060
1060
1063
1064
1064
1064
1067
1068
1068
1068
1071
1072
1072
1072
1075
1076
1076
1076
1079
1080
1080
1080
1083
1084
1084
1084
1087
1088
1088
1088
1091
1092
1092
1092
1095
1096
1096
1096
1099
1100
1100
1100
1103
1104
1104
1104
1107
1108
1108
1108
1111
1112
1112
1112
1115
1116
1116
1116
1119
1120
1120
1120
1123
1124
1124
1124
1127
1128
1128
1128
1131
1132
1132
1132
1135
1136
1136
1136
1139
1140
1140
1140
1143
1144
1144
1144
1147
1148
1148
1148
1151
1152
1152
1152
1155
1156
1156
1156
1159
1160
1160
1160
1163
1164
1164
1164
1167
1168
1168
1168
1171
1172
1172
1172
1175
1176
1176
1176
1179
1180
1180
1180
1183
1184
1184
1184
1187
1188
1188
1188
1191
1192
1192
1192
1195
1196
1196
1196
1199
1200
1200
1200
1203
1204
1204
1204
1207
1208
1208
1208
1211
1212
1212
1212
1215
1216
1216
1216
1219
1220
1220
1220
1223
1224
1224
1224
1227
1228
1228
1228
1231
1232
1232
1232
1235
1236
1236
1236
1239
1240
1240
1240
1243
1244
1244
1244
1247
1248
1248
1248
1251
1252
1252
1252
1255
1256
1256
1256
1259
1260
1260
1260
1263
1264
1264
1264
1267
1268
1268
1268
1271
1272
1272
1272
1275
1276
1276
1276
1279
1280
1280
1280
1283
1284
1284
1284
1287
1288
1288
1288
1291
1292
1292
1292
1295
1296
1296
1296
1299
1300
1300
1300
1303
1304
1304
1304
1307
1308
1308
1308
1311
1312
1312
1312
1315
1316
1316
1316
1319
1320
1320
1320
1323
1324
1324
1324
1327
1328
1328
1328
1331
1332
1332
1332
1335
1336
1336
1336
1339
1340
1340
1340
1343
1344
1344
1344
1347
1348
1348
1348
1351
1352
1352
1352
1355
1356
1356
1356
1359
1360
1360
1360
1363
1364
1364
1364
1367
1368
1368
1368
1371
1372
1372
1372
1375
1376
1376
1376
1379
1380
1380
1380
1383
1384
1384
1384
1387
1388
1388
1388
1391
1392
1392
1392
1395
1396
1396
1396
1399
1400
1400
1400
1403
1404
1404
1404
1407
1408
1408
1408
1411
1412
1412
1412
1415
1416
1416
1416
1419
1420
1420
1420
1423
1424
1424
1424
1427
1428
1428
1428
1431
1432
1432
1432
1435
1436
1436
1436
1439
1440
1440
1440
1443
1444
1444
1444
1447
1448
1448
1448
1451
1452
1452
1452
1455
1456
1456
1456
1459
1460
1460
1460
1463
1464
1464
1464
1467
1468
1468
1468
1471
1472
1472
1472
1475
1476
1476
1476
1479
1480
1480
1480
1483
1484
1484
1484
1487
1488
1488
1488
1491
1492
1492
1492
1495
1496
1496
1496
1499
1500
1500
1500
1503
1504
1504
1504
1507
1508
1508
1508
1511
1512
1512
1512
1515
1516
1516
1516
1519
1520
1520
1520
1523
1524
1524
1524
1527
1528
1528
1528
1531
1532
1532
1532
1535
1536
1536
1536
1539
1540
1540
1540
1543
1544
1544
1544
1547
1548
1548
1548
1551
1552
1552
1552
1555
1556
1556
1556
1559
1560
1560
1560
1563
1564
1564
1564
1567
1568
1568
1568
1571
1572
1572
1572
1575
1576
1576
1576
1579
1580
1580
1580
1583
1584
1584
1584
1587
1588
1588
1588
1591
1592
1592
1592
1595
1596
1596
1596
1599
1600
1600
1600
1603
1604
1604
1604
1607
1608
1608
1608
1611
1612
1612
1612
1615
1616
1616
1616
1619
1620
1620
1620
1623
1624
1624
1624
1627
1628
1628
1628
1631
1632
1632
1632
1635
1636
1636
1636
1639
1640
1640
1640
1643
1644
1644
1644
1647
1648
1648
1648
1651
1652
1652
1652
1655
1656
1656
1656
1659
1660
1660
1660
1663
1664
1664
1664
1667
1668
1668
1668
1671
1672
1672
1672
1675
1676
1676
1676
1679
1680
1680
1680
1683
1684
1684
1684
1687
1688
1688
1688
1691
1692
1692
1692
1695
1696
1696
1696
1699
1700
1700
1700
1703
1704
1704
1704
1707
1708
1708
1708
1711
1712
1712
1712
1715
1716
1716
1716
1719
1720
1720
1720
1723
1724
1724
1724
1727
1728
1728
1728
1731
1732
1732
1732
1735
1736
1736
1736
1739
1740
1740
1740
1743
1744
1744
1744
1747
1748
1748
1748
1751
1752
1752
1752
1755
1756
1756
1756
1759
1760
1760
1760
1763
1764
1764
1764
1767
1768
1768
1768
1771
1772
1772
1772
1775
1776
1776
1776
1779
1780
1780
1780
1783
1784
1784
1784
1787
1788
1788
1788
1791
1792
1792
1792
1795
1796
1796
1796
1799
1800
1800
1800
1803
1804
1804
1804
1807
1808
1808
1808
1811
1812
1812
1812
1815
1816
1816
1816
1819
1820
1820
1820
1823
1824
1824
1824
1827
1828
1828
1828
1831
1832
1832
1832
1835
1836
1836
1836
1839
1840
1840
1840
1843
1844
1844
1844
1847
1848
1848
1848
1851
1852
1852
1852
1855
1856
1856
1856
1859
1860
1860
1860
1863
1864
1864
1864
1867
1868
1868
1868
1871
1872
1872
1872
1875
1876
1876
1876
1879
1880
1880
1880
1883
1884
1884
1884
1887
1888
1888
1888
1891
1892
1892
1892
1895
1896
1896
1896
1899
1900
1900
1900
1903
1904
1904
1904
1907
1908
1908
1908
1911
1912
1912
1912
1915
1916
1916
1916
1919
1920
1920
1920
1923
1924
1924
1924
1927
1928
1928
1928
1931
1932
1932
1932
1935
1936
1936
1936
1939
1940
1940
1940
1943
1944
1944
1944
1947
1948
1948
1948
1951
1952
1952
1952
1955
1956
1956
1956
1959
1960
1960
1960
1963
1964
1964
1964
1967
1968
1968
1968
1971
1972
1972
1972
1975
1976
1976
1976
1979
1980
1980
1980
1983
1984
1984
1984
1987
1988
1988
1988
1991
1992
1992
1992
1995
1996
1996
1996
1999
2000
2000
2000
2003
2004
2004
2004
2007
2008
2008
2008
2011
2012
2012
2012
2015
2016
2016
2016
2019
2020
2020
2020
2023
2024
2024
2024
2027
2028
2028
2028
2031
2032
2032
2032
2035
2036
2036
2036
2039
2040
2040
2040
2043
2044
2044
2044
2047
2048
2048
2048
2051
2052
2052
2052
2055
2056
2056
2056
2059
2060
2060
2060
2063
2064
2064
2064
2067
2068
2068
2068
2071
2072
2072
2072
2075
2076
2076
2076
2079
2080
2080
2080
2083
2084
2084
2084
2087
2088
2088
2088
2091
2092
2092
2092
2095
2096
2096
2096
2099
2100
2100
2100
2103
2104
2104
2104
2107
2108
2108
2108
2111
2112
2112
2112
2115
2116
2116
2116
2119
2120
2120
2120
2123
2124
2124
2124
2127
2128
2128
2128
2131
2132
2132
2132
2135
2136
2136
2136
2139
2140
2140
2140
2143
2144
2144
2144
2147
2148
2148
2148
2151
2152
2152
2152
2155
2156
2156
2156
2159
2160
2160
2160
2163
2164
2164
2164
2167
2168
2168
2168
2171
2172
2172
2172
2175
2176
2176
2176
2179
2180
2180
2180
2183
2184
2184
2184
2187
2188
2188
2188
2191
2192
2192
2192
2195
2196
2196
2196
2199
2200
2200
2200
2203
2204
2204
2204
2207
2208
2208
2208
2211
2212
2212
2212
2215
2216
2216
2216
2219
2220
2220
2220
2223
2224
2224
2224
2227
2228
2228
2228
2231
2232
2232
2232
2235
2236
2236
2236
2239
2240
2240
2240
2243
2244
2244
2244
2247
2248
2248
2248
2251
2252
2252
2252
2255
2256
2256
2256
2259
2260
2260
2260
2263
2264
2264
2264
2267
2268
2268
2268
2271
2272
2272
2272
2275
2276
2276
2276
2279
2280
2280
2280
2283
2284
2284
2284
2287
2288
2288
2288
2291
2292
2292
2292
2295
2296
2296
2296
2299
2300
2300
2300
2303
2304
2304
2304
2307
2308
2308
2308
2311
2312
2312
2312
2315
2316
2316
2316
2319
2320
2320
2320
2323
2324
2324
2324
2327
2328
2328
2328
2331
2332
2332
2332
2335
2336
2336
2336
2339
2340
2340
2340
2343
2344
2344
2344
2347
2348
2348
2348
2351
2352
2352
2352
2355
2356
2356
2356
2359
2360
2360
2360
2363
2364
2364
2364
2367
2368
2368
2368
2371
2372
2372
2372
2375
2376
2376
2376
2379
2380
2380
2380
2383
2384
2384
2384
2387
2388
2388
2388
2391
2392
2392
2392
2395
2396
2396
2396
2399
2400
2400
2400
2403
2404
2404
2404
2407
2408
2408
2408
2411
2412
2412
2412
2415
2416
2416
2416
2419
2420
2420
2420
2423
2424
2424
2424
2427
2428
2428
2428
2431
2432
2432
2432
2435
2436
2436
2436
2439
2440
2440
2440
2443
2444
2444
2444
2447
2448
2448
2448
2451
2452
2452
2452
2455
2456
2456
2456
2459
2460
2460
2460
2463
2464
2464
2464
2467
2468
2468
2468
2471
2472
2472
2472
2475
2476
2476
2476
2479
2480
2480
2480
2483
2484
2484
2484
2487
2488
2488
2488
2491
2492
2492
2492
2495
2496
2496
2496
2499
2500
2500
2500
2503
2504
2504
2504
2507
2508
2508
2508
2511
2512
2512
2512
2515
2516
2516
2516
2519
2520
2520
2520
2523
2524
2524
2524
2527
2528
2528
2528
2531
2532
2532
2532
2535
2536
2536
2536
2539
2540
2540
2540
2543
2544
2544
2544
2547
2548
2548
2548
2551
2552
2552
2552
2555
2556
2556
2556
2559
2560
2560
2560
2563
2564
2564
2564
2567
2568
2568
2568
2571
2572
2572
2572
2575
2576
2576
2576
2579
2580
2580
2580
2583
2584
2584
2584
2587
2588
2588
2588
2591
2592
2592
2592
2595
2596
2596
2596
2599
2600
2600
2600
2603
2604
2604
2604
2607
2608
2608
2608
2611
2612
2612
2612
2615
2616
2616
2616
2619
2620
2620
2620
2623
2624
2624
2624
2627
2628
2628
2628
2631
2632
2632
2632
2635
2636
2636
2636
2639
2640
2640
2640
2643
2644
2644
2644
2647
2648
2648
2648
2651
2652
2652
2652
2655
2656
2656
2656
2659
2660
2660
2660
2663
2664
2664
2664
2667
2668
2668
2668
2671
2672
2672
2672
2675
2676
2676
2676
2679
2680
2680
2680
2683
2684
2684
2684
2687
2688
2688
2688
2691
2692
2692
2692
2695
2696
2696
2696
2699
2700
2700
2700
2703
2704
2704
2704
2707
2708
2708
2708
2711
2712
2712
2712
2715
2716
2716
2716
2719
2720
2720
2720
2723
2724
2724
2724
2727
2728
2728
2728
2731
2732
2732
2732
2735
2736
2736
2736
2739
2740
2740
2740
2743
2744
2744
2744
2747
2748
2748
2748
2751
2752
2752
2752
2755
2756
2756
2756
2759
2760
2760
2760
2763
2764
2764
2764
2767
2768
2768
2768
2771
2772
2772
2772
2775
2776
2776
2776
2779
2780
2780
2780
2783
2784
2784
2784
2787
2788
2788
2788
2791
2792
2792
2792
2795
2796
2796
2796
2799
2800
2800
2800
2803
2804
2804
2804
2807
2808
2808
2808
2811
2812
2812
2812
2815
2816
2816
2816
2819
2820
2820
2820
2823
2824
2824
2824
2827
2828
2828
2828
2831
2832
2832
2832
2835
2836
2836
2836
2839
2840
2840
2840
2843
2844
2844
2844
2847
2848
2848
2848
2851
2852
2852
2852
2855
2856
2856
2856
2859
2860
2860
2860
2863
2864
2864
2864
2867
2868
2868
2868
2871
2872
2872
2872
2875
2876
2876
2876
2879
2880
2880
2880
2883
2884
2884
2884
2887
2888
2888
2888
2891
2892
2892
2892
2895
2896
2896
2896
2899
2900
2900
2900
2903
2904
2904
2904
2907
2908
2908
2908
2911
2912
2912
2912
2915
2916
2916
2916
2919
2920
2920
2920
2923
2924
2924
2924
2927
2928
2928
2928
2931
2932
2932
2932
2935
2936
2936
2936
2939
2940
2940
2940
2943
2944
2944
2944
2947
2948
2948
2948
2951
2952
2952
2952
2955
2956
2956
2956
2959
2960
2960
2960
2963
2964
2964
2964
2967
2968
2968
2968
2971
2972
2972
2972
2975
2976
2976
2976
2979
2980
2980
2980
2983
2984
2984
2984
2987
2988
2988
2988
2991
2992
2992
2992
2995
2996
2996
2996
2999
3000
3000
3000
3003
3004
3004
3004
3007
3008
3008
3008
3011
3012
3012
3012
3015
3016
3016
3016
3019
3020
3020
3020
3023
3024
3024
3024
3027
3028
3028
3028
3031
3032
3032
3032
3035
3036
3036
3036
3039
3040
3040
3040
3043
3044
3044
3044
3047
3048
3048
3048
3051
3052
3052
3052
3055
3056
3056
3056
3059
3060
3060
3060
3063
3064
3064
3064
3067
3068
3068
3068
3071
3072
3072
3072
3075
3076
3076
3076
3079
3080
3080
3080
3083
3084
3084
3084
3087
3088
3088
3088
3091
3092
3092
3092
3095
3096
3096
3096
3099
3100
3100
3100
3103
3104
3104
3104
3107
3108
3108
3108
3111
3112
3112
3112
3115
3116
3116
3116
3119
3120
3120
3120
3123
3124
3124
3124
3127
3128
3128
3128
3131
3132
3132
3132
3135
3136
3136
3136
3139
3140
3140
3140
3143
3144
3144
3144
3147
3148
3148
3148
3151
3152
3152
3152
3155
3156
3156
3156
3159
3160
3160
3160
3163
3164
3164
3164
3167
3168
3168
3168
3171
3172
3172
3172
3175
3176
3176
3176
3179
3180
3180
3180
3183
3184
3184
3184
3187
3188
3188
3188
3191
3192
3192
3192
3195
3196
3196
3196
3199
3200
3200
3200
3203
3204
3204
3204
3207
3208
3208
3208
3211
3212
3212
3212
3215
3216
3216
3216
3219
3220
3220
3220
3223
3224
3224
3224
3227
3228
3228
3228
3231
3232
3232
3232
3235
3236
3236
3236
3239
3240
3240
3240
3243
3244
3244
3244
3247
3248
3248
3248
3251
3252
3252
3252
3255
3256
3256
3256
3259
3260
3260
3260
3263
3264
3264
3264
3267
3268
3268
3268
3271
3272
3272
3272
3275
3276
3276
3276
3279
3280
3280
3280
3283
3284
3284
3284
3287
3288
3288
3288
3291
3292
3292
3292
3295
3296
3296
3296
3299
3300
3300
3300
3303
3304
3304
3304
3307
3308
3308
3308
3311
3312
3312
3312
3315
3316
3316
3316
3319
3320
3320
3320
3323
3324
3324
3324
3327
3328
3328
3328
3331
3332
3332
3332
3335
3336
3336
3336
3339
3340
3340
3340
3343
3344
3344
3344
3347
3348
3348
3348
3351
3352
3352
3352
3355
3356
3356
3356
3359
3360
3360
3360
3363
3364
3364
3364
3367
3368
3368
3368
3371
3372
3372
3372
3375
3376
3376
3376
3379
3380
3380
3380
3383
3384
3384
3384
3387
3388
3388
3388
3391
3392
3392
3392
3395
3396
3396
3396
3399
3400
3400
3400
3403
3404
3404
3404
3407
3408
3408
3408
3411
3412
3412
3412
3415
3416
3416
3416
3419
3420
3420
3420
3423
3424
3424
3424
3427
3428
3428
3428
3431
3432
3432
3432
3435
3436
3436
3436
3439
3440
3440
3440
3443
3444
3444
3444
3447
3448
3448
3448
3451
3452
3452
3452
3455
3456
3456
3456
3459
3460
3460
3460
3463
3464
3464
3464
3467
3468
3468
3468
3471
3472
3472
3472
3475
3476
3476
3476
3479
3480
3480
3480
3483
3484
3484
3484
3487
3488
3488
3488
3491
3492
3492
3492
3495
3496
3496
3496
3499
3500
3500
3500
3503
3504
3504
3504
3507
3508
3508
3508
3511
3512
3512
3512
3515
3516
3516
3516
3519
3520
3520
3520
3523
3524
3524
3524
3527
3528
3528
3528
3531
3532
3532
3532
3535
3536
3536
3536
3539
3540
3540
3540
3543
3544
3544
3544
3547
3548
3548
3548
3551
3552
3552
3552
3555
3556
3556
3556
3559
3560
3560
3560
3563
3564
3564
3564
3567
3568
3568
3568
3571
3572
3572
3572
3575
3576
3576
3576
3579
3580
3580
3580
3583
3584
3584
3584
3587
3588
3588
3588
3591
3592
3592
3592
3595
3596
3596
3596
3599
3600
3600
3600
3603
3604
3604
3604
3607
3608
3608
3608
3611
3612
3612
3612
3615
3616
3616
3616
3619
3620
3620
3620
3623
3624
3624
3624
3627
3628
3628
3628
3631
3632
3632
3632
3635
3636
3636
3636
3639
3640
3640
3640
3643
3644
3644
3644
3647
3648
3648
3648
3651
3652
3652
3652
3655
3656
3656
3656
3659
3660
3660
3660
3663
3664
3664
3664
3667
3668
3668
3668
3671
3672
3672
3672
3675
3676
3676
3676
3679
3680
3680
3680
3683
3684
3684
3684
3687
3688
3688
3688
3691
3692
3692
3692
3695
3696
3696
3696
3699
3700
3700
3700
3703
3704
3704
3704
3707
3708
3708
3708
3711
3712
3712
3712
3715
3716
3716
3716
3719
3720
3720
3720
3723
3724
3724
3724
3727
3728
3728
3728
3731
3732
3732
3732
3735
3736
3736
3736
3739
3740
3740
3740
3743
3744
3744
3744
3747
3748
3748
3748
3751
3752
3752
3752
3755
3756
3756
3756
3759
3760
3760
3760
3763
3764
3764
3764
3767
3768
3768
3768
3771
3772
3772
3772
3775
3776
3776
3776
3779
3780
3780
3780
3783
3784
3784
3784
3787
3788
3788
3788
3791
3792
3792
3792
3795
3796
3796
3796
3799
3800
3800
3800
3803
3804
3804
3804
3807
3808
3808
3808
3811
3812
3812
3812
3815
3816
3816
3816
3819
3820
3820
3820
3823
3824
3824
3824
3827
3828
3828
3828
3831
3832
3832
3832
3835
3836
3836
3836
3839
3840
3840
3840
3843
3844
3844
3844
3847
3848
3848
3848
3851
3852
3852
3852
3855
3856
3856
3856
3859
3860
3860
3860
3863
3864
3864
3864
3867
3868
3868
3868
3871
3872
3872
3872
3875
3876
3876
3876
3879
3880
3880
3880
3883
3884
3884
3884
3887
3888
3888
3888
3891
3892
3892
3892
3895
3896
3896
3896
3899
3900
3900
3900
3903
3904
3904
3904
3907
3908
3908
3908
3911
3912
3912
3912
3915
3916
3916
3916
3919
3920
3920
3920
3923
3924
3924
3924
3927
3928
3928
3928
3931
3932
3932
3932
3935
3936
3936
3936
3939
3940
3940
3940
3943
3944
3944
3944
3947
3948
3948
3948
3951
3952
3952
3952
3955
3956
3956
3956
3959
3960
3960
3960
3963
3964
3964
3964
3967
3968
3968
3968
3971
3972
3972
3972
3975
3976
3976
3976
3979
3980
3980
3980
3983
3984
3984
3984
3987
3988
3988
3988
3991
3992
3992
3992
3995
3996
3996
3996
3999
4000
4000
4000
4003
4004
4004
4004
4007
4008
4008
4008
4011
4012
4012
4012
4015
4016
4016
4016
4019
4020
4020
4020
4023
4024
4024
4024
4027
4028
4028
4028
4031
4032
4032
4032
4035
4036
4036
4036
4039
4040
4040
4040
4043
4044
4044
4044
4047
4048
4048
4048
4051
4052
4052
4052
4055
4056
4056
4056
4059
4060
4060
4060
4063
4064
4064
4064
4067
4068
4068
4068
4071
4072
4072
4072
4075
4076
4076
4076
4079
4080
4080
4080
4083
4084
4084
4084
4087
4088
4088
4088
4091
4092
4092
4092
4095
4096
4096
4096
4099
4100
4100
4100
4103
4104
4104
4104
4107
4108
4108
4108
4111
4112
4112
4112
4115
4116
4116
4116
4119
4120
4120
4120
4123
4124
4124
4124
4127
4128
4128
4128
4131
4132
4132
4132
4135
4136
4136
4136
4139
4140
4140
4140
4143
4144
4144
4144
4147
4148
4148
4148
4151
4152
4152
4152
4155
4156
4156
4156
4159
4160
4160
4160
4163
4164
4164
4164
4167
4168
4168
4168
4171
4172
4172
4172
4175
4176
4176
4176
4179
4180
4180
4180
4183
4184
4184
4184
4187
4188
4188
4188
4191
4192
4192
4192
4195
4196
4196
4196
4199
4200
4200
4200
4203
4204
4204
4204
4207
4208
4208
4208
4211
4212
4212
4212
4215
4216
4216
4216
4219
4220
4220
4220
4223
4224
4224
4224
4227
4228
4228
4228
4231
4232
4232
4232
4235
4236
4236
4236
4239
4240
4240
4240
4243
4244
4244
4244
4247
4248
4248
4248
4251
4252
4252
4252
4255
4256
4256
4256
4259
4260
4260
4260
4263
4264
4264
4264
4267
4268
4268
4268
4271
4272
4272
4272
4275
4276
4276
4276
4279
4280
4280
4280
4283
4284
4284
4284
4287
4288
4288
4288
4291
4292
4292
4292
4295
4296
4296
4296
4299
4300
4300
4300
4303
4304
4304
4304
4307
4308
4308
4308
4311
4312
4312
4312
4315
4316
4316
4316
4319
4320
4320
4320
4323
4324
4324
4324
4327
4328
4328
4328
4331
4332
4332
4332
4335
4336
4336
4336
4339
4340
4340
4340
4343
4344
4344
4344
4347
4348
4348
4348
4351
4352
4352
4352
4355
4356
4356
4356
4359
4360
4360
4360
4363
4364
4364
4364
4367
4368
4368
4368
4371
4372
4372
4372
4375
4376
4376
4376
4379
4380
4380
4380
4383
4384
4384
4384
4387
4388
4388
4388
4391
4392
4392
4392
4395
4396
4396
4396
4399
4400
4400
4400
4403
4404
4404
4404
4407
4408
4408
4408
4411
4412
4412
4412
4415
4416
4416
4416
4419
4420
4420
4420
4423
4424
4424
4424
4427
4428
4428
4428
4431
4432
4432
4432
4435
4436
4436
4436
4439
4440
4440
4440
4443
4444
4444
4444
4447
4448
4448
4448
4451
4452
4452
4452
4455
4456
4456
4456
4459
4460
4460
4460
4463
4464
4464
4464
4467
4468
4468
4468
4471
4472
4472
4472
4475
4476
4476
4476
4479
4480
4480
4480
4483
4484
4484
4484
4487
4488
4488
4488
4491
4492
4492
4492
4495
4496
4496
4496
4499
4500
4500
4500
4503
4504
4504
4504
4507
4508
4508
4508
4511
4512
4512
4512
4515
4516
4516
4516
4519
4520
4520
4520
4523
4524
4524
4524
4527
4528
4528
4528
4531
4532
4532
4532
4535
4536
4536
4536
4539
4540
4540
4540
4543
4544
4544
4544
4547
4548
4548
4548
4551
4552
4552
4552
4555
4556
4556
4556
4559
4560
4560
4560
4563
4564
4564
4564
4567
4568
4568
4568
4571
4572
4572
4572
4575
4576
4576
4576
4579
4580
4580
4580
4583
4584
4584
4584
4587
4588
4588
4588
4591
4592
4592
4592
4595
4596
4596
4596
4599
4600
4600
4600
4603
4604
4604
4604
4607
4608
4608
4608
4611
4612
4612
4612
4615
4616
4616
4616
4619
4620
4620
4620
4623
4624
4624
4624
4627
4628
4628
4628
4631
4632
4632
4632
4635
4636
4636
4636
4639
4640
4640
4640
4643
4644
4644
4644
4647
4648
4648
4648
4651
4652
4652
4652
4655
4656
4656
4656
4659
4660
4660
4660
4663
4664
4664
4664
4667
4668
4668
4668
4671
4672
4672
4672
4675
4676
4676
4676
4679
4680
4680
4680
4683
4684
4684
4684
4687
4688
4688
4688
4691
4692
4692
4692
4695
4696
4696
4696
4699
4700
4700
4700
4703
4704
4704
4704
4707
4708
4708
4708
4711
4712
4712
4712
4715
4716
4716
4716
4719
4720
4720
4720
4723
4724
4724
4724
4727
4728
4728
4728
4731
4732
4732
4732
4735
4736
4736
4736
4739
4740
4740
4740
4743
4744
4744
4744
4747
4748
4748
4748
4751
4752
4752
4752
4755
4756
4756
4756
4759
4760
4760
4760
4763
4764
4764
4764
4767
4768
4768
4768
4771
4772
4772
4772
4775
4776
4776
4776
4779
4780
4780
4780
4783
4784
4784
4784
4787
4788
4788
4788
4791
4792
4792
4792
4795
4796
4796
4796
4799
4800
4800
4800
4803
4804
4804
4804
4807
4808
4808
4808
4811
4812
4812
4812
4815
4816
4816
4816
4819
4820
4820
4820
4823
4824
4824
4824
4827
4828
4828
4828
4831
4832
4832
4832
4835
4836
4836
4836
4839
4840
4840
4840
4843
4844
4844
4844
4847
4848
4848
4848
4851
4852
4852
4852
4855
4856
4856
4856
4859
4860
4860
4860
4863
4864
4864
4864
4867
4868
4868
4868
4871
4872
4872
4872
4875
4876
4876
4876
4879
4880
4880
4880
4883
4884
4884
4884
4887
4888
4888
4888
4891
4892
4892
4892
4895
4896
4896
4896
4899
4900
4900
4900
4903
4904
4904
4904
4907
4908
4908
4908
4911
4912
4912
4912
4915
4916
4916
4916
4919
4920
4920
4920
4923
4924
4924
4924
4927
4928
4928
4928
4931
4932
4932
4932
4935
4936
4936
4936
4939
4940
4940
4940
4943
4944
4944
4944
4947
4948
4948
4948
4951
4952
4952
4952
4955
4956
4956
4956
4959
4960
4960
4960
4963
4964
4964
4964
4967
4968
4968
4968
4971
4972
4972
4972
4975
4976
4976
4976
4979
4980
4980
4980
4983
4984
4984
4984
4987
4988
4988
4988
4991
4992
4992
4992
4995
4996
4996
4996
4999
5000
5000
5000
5003
5004
5004
5004
5007
5008
5008
5008
5011
5012
5012
5012
5015
5016
5016
5016
5019
5020
5020
5020
5023
5024
5024
5024
5027
5028
5028
5028
5031
5032
5032
5032
5035
5036
5036
5036
5039
5040
5040
5040
5043
5044
5044
5044
5047
5048
5048
5048
5051
5052
5052
5052
5055
5056
5056
5056
5059
5060
5060
5060
5063
5064
5064
5064
5067
5068
5068
5068
5071
5072
5072
5072
5075
5076
5076
5076
5079
5080
5080
5080
5083
5084
5084
5084
5087
5088
5088
5088
5091
5092
5092
5092
5095
5096
5096
5096
5099
5100
5100
5100
5103
5104
5104
5104
5107
5108
5108
5108
5111
5112
5112
5112
5115
5116
5116
5116
5119
5120
5120
5120
5123
5124
5124
5124
5127
5128
5128
5128
5131
5132
5132
5132
5135
5136
5136
5136
5139
5140
5140
5140
5143
5144
5144
5144
5147
5148
5148
5148
5151
5152
5152
5152
5155
5156
5156
5156
5159
5160
5160
5160
5163
5164
5164
5164
5167
5168
5168
5168
5171
5172
5172
5172
5175
5176
5176
5176
5179
5180
5180
5180
5183
5184
5184
5184
5187
5188
5188
5188
5191
5192
5192
5192
5195
5196
5196
5196
5199
5200
5200
5200
5203
5204
5204
5204
5207
5208
5208
5208
5211
5212
5212
5212
5215
5216
5216
5216
5219
5220
5220
5220
5223
5224
5224
5224
5227
5228
5228
5228
5231
5232
5232
5232
5235
5236
5236
5236
5239
5240
5240
5240
5243
5244
5244
5244
5247
5248
5248
5248
5251
5252
5252
5252
5255
5256
5256
5256
5259
5260
5260
5260
5263
5264
5264
5264
5267
5268
5268
5268
5271
5272
5272
5272
5275
5276
5276
5276
5279
5280
5280
5280
5283
5284
5284
5284
5287
5288
5288
5288
5291
5292
5292
5292
5295
5296
5296
5296
5299
5300
5300
5300
5303
5304
5304
5304
5307
5308
5308
5308
5311
5312
5312
5312
5315
5316
5316
5316
5319
5320
5320
5320
5323
5324
5324
5324
5327
5328
5328
5328
5331
5332
5332
5332
5335
5336
5336
5336
5339
5340
5340
5340
5343
5344
5344
5344
5347
5348
5348
5348
5351
5352
5352
5352
5355
5356
5356
5356
5359
5360
5360
5360
5363
5364
5364
5364
5367
5368
5368
5368
5371
5372
5372
5372
5375
5376
5376
5376
5379
5380
5380
5380
5383
5384
5384
5384
5387
5388
5388
5388
5391
5392
5392
5392
5395
5396
5396
5396
5399
5400
5400
5400
5403
5404
5404
5404
5407
5408
5408
5408
5411
5412
5412
5412
5415
5416
5416
5416
5419
5420
5420
5420
5423
5424
5424
5424
5427
5428
5428
5428
5431
5432
5432
5432
5435
5436
5436
5436
5439
5440
5440
5440
5443
5444
5444
5444
5447
5448
5448
5448
5451
5452
5452
5452
5455
5456
5456
5456
5459
5460
5460
5460
5463
5464
5464
5464
5467
5468
5468
5468
5471
5472
5472
5472
5475
5476
5476
5476
5479
5480
5480
5480
5483
5484
5484
5484
5487
5488
5488
5488
5491
5492
5492
5492
5495
5496
5496
5496
5499
5500
5500
5500
5503
5504
5504
5504
5507
5508
5508
5508
5511
5512
5512
5512
5515
5516
5516
5516
5519
5520
5520
5520
5523
5524
5524
5524
5527
5528
5528
5528
5531
5532
5532
5532
5535
5536
5536
5536
5539
5540
5540
5540
5543
5544
5544
5544
5547
5548
5548
5548
5551
5552
5552
5552
5555
5556
5556
5556
5559
5560
5560
5560
5563
5564
5564
5564
5567
5568
5568
5568
5571
5572
5572
5572
5575
5576
5576
5576
5579
5580
5580
5580
5583
5584
5584
5584
5587
5588
5588
5588
5591
5592
5592
5592
5595
5596
5596
5596
5599
5600
5600
5600
5603
5604
5604
5604
5607
5608
5608
5608
5611
5612
5612
5612
5615
5616
5616
5616
5619
5620
5620
5620
5623
5624
5624
5624
5627
5628
5628
5628
5631
5632
5632
5632
5635
5636
5636
5636
5639
5640
5640
5640
5643
5644
5644
5644
5647
5648
5648
5648
5651
5652
5652
5652
5655
5656
5656
5656
5659
5660
5660
5660
5663
5664
5664
5664
5667
5668
5668
5668
5671
5672
5672
5672
5675
5676
5676
5676
5679
5680
5680
5680
5683
5684
5684
5684
5687
5688
5688
5688
5691
5692
5692
5692
5695
5696
5696
5696
5699
5700
5700
5700
5703
5704
5704
5704
5707
5708
5708
5708
5711
5712
5712
5712
5715
5716
5716
5716
5719
5720
5720
5720
5723
5724
5724
5724
5727
5728
5728
5728
5731
5732
5732
5732
5735
5736
5736
5736
5739
5740
5740
5740
5743
5744
5744
5744
5747
5748
5748
5748
5751
5752
5752
5752
5755
5756
5756
5756
5759
5760
5760
5760
5763
5764
5764
5764
5767
5768
5768
5768
5771
5772
5772
5772
5775
5776
5776
5776
5779
5780
5780
5780
5783
5784
5784
5784
5787
5788
5788
5788
5791
5792
5792
5792
5795
5796
5796
5796
5799
5800
5800
5800
5803
5804
5804
5804
5807
5808
5808
5808
5811
5812
5812
5812
5815
5816
5816
5816
5819
5820
5820
5820
5823
5824
5824
5824
5827
5828
5828
5828
5831
5832
5832
5832
5835
5836
5836
5836
5839
5840
5840
5840
5843
5844
5844
5844
5847
5848
5848
5848
5851
5852
5852
5852
5855
5856
5856
5856
5859
5860
5860
5860
5863
5864
5864
5864
5867
5868
5868
5868
5871
5872
5872
5872
5875
5876
5876
5876
5879
5880
5880
5880
5883
5884
5884
5884
5887
5888
5888
5888
5891
5892
5892
5892
5895
5896
5896
5896
5899
5900
5900
5900
5903
5904
5904
5904
5907
5908
5908
5908
5911
5912
5912
5912
5915
5916
5916
5916
5919
5920
5920
5920
5923
5924
5924
5924
5927
5928
5928
5928
5931
5932
5932
5932
5935
5936
5936
5936
5939
5940
5940
5940
5943
5944
5944
5944
5947
5948
5948
5948
5951
5952
5952
5952
5955
5956
5956
5956
5959
5960
5960
5960
5963
5964
5964
5964
5967
5968
5968
5968
5971
5972
5972
5972
5975
5976
5976
5976
5979
5980
5980
5980
5983
5984
5984
5984
5987
5988
5988
5988
5991
5992
5992
5992
5995
5996
5996
5996
5999
6000
6000
6000
6003
6004
6004
6004
6007
6008
6008
6008
6011
6012
6012
6012
6015
6016
6016
6016
6019
6020
6020
6020
6023
6024
6024
6024
6027
6028
6028
6028
6031
6032
6032
6032
6035
6036
6036
6036
6039
6040
6040
6040
6043
6044
6044
6044
6047
6048
6048
6048
6051
6052
6052
6052
6055
6056
6056
6056
6059
6060
6060
6060
6063
6064
6064
6064
6067
6068
6068
6068
6071
6072
6072
6072
6075
6076
6076
6076
6079
6080
6080
6080
6083
6084
6084
6084
6087
6088
6088
6088
6091
6092
6092
6092
6095
6096
6096
6096
6099
6100
6100
6100
6103
6104
6104
6104
6107
6108
6108
6108
6111
6112
6112
6112
6115
6116
6116
6116
6119
6120
6120
6120
6123
6124
6124
6124
6127
6128
6128
6128
6131
6132
6132
6132
6135
6136
6136
6136
6139
6140
6140
6140
6143
6144
6144
6144
6147
6148
6148
6148
6151
6152
6152
6152
6155
6156
6156
6156
6159
6160
6160
6160
6163
6164
6164
6164
6167
6168
6168
6168
6171
6172
6172
6172
6175
6176
6176
6176
6179
6180
6180
6180
6183
6184
6184
6184
6187
6188
6188
6188
6191
6192
6192
6192
6195
6196
6196
6196
6199
6200
6200
6200
6203
6204
6204
6204
6207
6208
6208
6208
6211
6212
6212
6212
6215
6216
6216
6216
6219
6220
6220
6220
6223
6224
6224
6224
6227
6228
6228
6228
6231
6232
6232
6232
6235
6236
6236
6236
6239
6240
6240
6240
6243
6244
6244
6244
6247
6248
6248
6248
6251
6252
6252
6252
6255
6256
6256
6256
6259
6260
6260
6260
6263
6264
6264
6264
6267
6268
6268
6268
6271
6272
6272
6272
6275
6276
6276
6276
6279
6280
6280
6280
6283
6284
6284
6284
6287
6288
6288
6288
6291
6292
6292
6292
6295
6296
6296
6296
6299
6300
6300
6300
6303
6304
6304
6304
6307
6308
6308
6308
6311
6312
6312
6312
6315
6316
6316
6316
6319
6320
6320
6320
6323
6324
6324
6324
6327
6328
6328
6328
6331
6332
6332
6332
6335
6336
6336
6336
6339
6340
6340
6340
6343
6344
6344
6344
6347
6348
6348
6348
6351
6352
6352
6352
6355
6356
6356
6356
6359
6360
6360
6360
6363
6364
6364
6364
6367
6368
6368
6368
6371
6372
6372
6372
6375
6376
6376
6376
6379
6380
6380
6380
6383
6384
6384
6384
6387
6388
6388
6388
6391
6392
6392
6392
6395
6396
6396
6396
6399
6400
6400
6400
6403
6404
6404
6404
6407
6408
6408
6408
6411
6412
6412
6412
6415
6416
6416
6416
6419
6420
6420
6420
6423
6424
6424
6424
6427
6428
6428
6428
6431
6432
6432
6432
6435
6436
6436
6436
6439
6440
6440
6440
6443
6444
6444
6444
6447
6448
6448
6448
6451
6452
6452
6452
6455
6456
6456
6456
6459
6460
6460
6460
6463
6464
6464
6464
6467
6468
6468
6468
6471
6472
6472
6472
6475
6476
6476
6476
6479
6480
6480
6480
6483
6484
6484
6484
6487
6488
6488
6488
6491
6492
6492
6492
6495
6496
6496
6496
6499
6500
6500
6500
6503
6504
6504
6504
6507
6508
6508
6508
6511
6512
6512
6512
6515
6516
6516
6516
6519
6520
6520
6520
6523
6524
6524
6524
6527
6528
6528
6528
6531
6532
6532
6532
6535
6536
6536
6536
6539
6540
6540
6540
6543
6544
6544
6544
6547
6548
6548
6548
6551
6552
6552
6552
6555
6556
6556
6556
6559
6560
6560
6560
6563
6564
6564
6564
6567
6568
6568
6568
6571
6572
6572
6572
6575
6576
6576
6576
6579
6580
6580
6580
6583
6584
6584
6584
6587
6588
6588
6588
6591
6592
6592
6592
6595
6596
6596
6596
6599
6600
6600
6600
6603
6604
6604
6604
6607
6608
6608
6608
6611
6612
6612
6612
6615
6616
6616
6616
6619
6620
6620
6620
6623
6624
6624
6624
6627
6628
6628
6628
6631
6632
6632
6632
6635
6636
6636
6636
6639
6640
6640
6640
6643
6644
6644
6644
6647
6648
6648
6648
6651
6652
6652
6652
6655
6656
6656
6656
6659
6660
6660
6660
6663
6664
6664
6664
6667
6668
6668
6668
6671
6672
6672
6672
6675
6676
6676
6676
6679
6680
6680
6680
6683
6684
6684
6684
6687
6688
6688
6688
6691
6692
6692
6692
6695
6696
6696
6696
6699
6700
6700
6700
6703
6704
6704
6704
6707
6708
6708
6708
6711
6712
6712
6712
6715
6716
6716
6716
6719
6720
6720
6720
6723
6724
6724
6724
6727
6728
6728
6728
6731
6732
6732
6732
6735
6736
6736
6736
6739
6740
6740
6740
6743
6744
6744
6744
6747
6748
6748
6748
6751
6752
6752
6752
6755
6756
6756
6756
6759
6760
6760
6760
6763
6764
6764
6764
6767
6768
6768
6768
6771
6772
6772
6772
6775
6776
6776
6776
6779
6780
6780
6780
6783
6784
6784
6784
6787
6788
6788
6788
6791
6792
6792
6792
6795
6796
6796
6796
6799
6800
6800
6800
6803
6804
6804
6804
6807
6808
6808
6808
6811
6812
6812
6812
6815
6816
6816
6816
6819
6820
6820
6820
6823
6824
6824
6824
6827
6828
6828
6828
6831
6832
6832
6832
6835
6836
6836
6836
6839
6840
6840
6840
6843
6844
6844
6844
6847
6848
6848
6848
6851
6852
6852
6852
6855
6856
6856
6856
6859
6860
6860
6860
6863
6864
6864
6864
6867
6868
6868
6868
6871
6872
6872
6872
6875
6876
6876
6876
6879
6880
6880
6880
6883
6884
6884
6884
6887
6888
6888
6888
6891
6892
6892
6892
6895
6896
6896
6896
6899
6900
6900
6900
6903
6904
6904
6904
6907
6908
6908
6908
6911
6912
6912
6912
6915
6916
6916
6916
6919
6920
6920
6920
6923
6924
6924
6924
6927
6928
6928
6928
6931
6932
6932
6932
6935
6936
6936
6936
6939
6940
6940
6940
6943
6944
6944
6944
6947
6948
6948
6948
6951
6952
6952
6952
6955
6956
6956
6956
6959
6960
6960
6960
6963
6964
6964
6964
6967
6968
6968
6968
6971
6972
6972
6972
6975
6976
6976
6976
6979
6980
6980
6980
6983
6984
6984
6984
6987
6988
6988
6988
6991
6992
6992
6992
6995
6996
6996
6996
6999
7000
7000
7000
7003
7004
7004
7004
7007
7008
7008
7008
7011
7012
7012
7012
7015
7016
7016
7016
7019
7020
7020
7020
7023
7024
7024
7024
7027
7028
7028
7028
7031
7032
7032
7032
7035
7036
7036
7036
7039
7040
7040
7040
7043
7044
7044
7044
7047
7048
7048
7048
7051
7052
7052
7052
7055
7056
7056
7056
7059
7060
7060
7060
7063
7064
7064
7064
7067
7068
7068
7068
7071
7072
7072
7072
7075
7076
7076
7076
7079
7080
7080
7080
7083
7084
7084
7084
7087
7088
7088
7088
7091
7092
7092
7092
7095
7096
7096
7096
7099
7100
7100
7100
7103
7104
7104
7104
7107
7108
7108
7108
7111
7112
7112
7112
7115
7116
7116
7116
7119
7120
7120
7120
7123
7124
7124
7124
7127
7128
7128
7128
7131
7132
7132
7132
7135
7136
7136
7136
7139
7140
7140
7140
7143
7144
7144
7144
7147
7148
7148
7148
7151
7152
7152
7152
7155
7156
7156
7156
7159
7160
7160
7160
7163
7164
7164
7164
7167
7168
7168
7168
7171
7172
7172
7172
7175
7176
7176
7176
7179
7180
7180
7180
7183
7184
7184
7184
7187
7188
7188
7188
7191
7192
7192
7192
7195
7196
7196
7196
7199
7200
7200
7200
7203
7204
7204
7204
7207
7208
7208
7208
7211
7212
7212
7212
7215
7216
7216
7216
7219
7220
7220
7220
7223
7224
7224
7224
7227
7228
7228
7228
7231
7232
7232
7232
7235
7236
7236
7236
7239
7240
7240
7240
7243
7244
7244
7244
7247
7248
7248
7248
7251
7252
7252
7252
7255
7256
7256
7256
7259
7260
7260
7260
7263
7264
7264
7264
7267
7268
7268
7268
7271
7272
7272
7272
7275
7276
7276
7276
7279
7280
7280
7280
7283
7284
7284
7284
7287
7288
7288
7288
7291
7292
7292
7292
7295
7296
7296
7296
7299
7300
7300
7300
7303
7304
7304
7304
7307
7308
7308
7308
7311
7312
7312
7312
7315
7316
7316
7316
7319
7320
7320
7320
7323
7324
7324
7324
7327
7328
7328
7328
7331
7332
7332
7332
7335
7336
7336
7336
7339
7340
7340
7340
7343
7344
7344
7344
7347
7348
7348
7348
7351
7352
7352
7352
7355
7356
7356
7356
7359
7360
7360
7360
7363
7364
7364
7364
7367
7368
7368
7368
7371
7372
7372
7372
7375
7376
7376
7376
7379
7380
7380
7380
7383
7384
7384
7384
7387
7388
7388
7388
7391
7392
7392
7392
7395
7396
7396
7396
7399
7400
7400
7400
7403
7404
7404
7404
7407
7408
7408
7408
7411
7412
7412
7412
7415
7416
7416
7416
7419
7420
7420
7420
7423
7424
7424
7424
7427
7428
7428
7428
7431
7432
7432
7432
7435
7436
7436
7436
7439
7440
7440
7440
7443
7444
7444
7444
7447
7448
7448
7448
7451
7452
7452
7452
7455
7456
7456
7456
7459
7460
7460
7460
7463
7464
7464
7464
7467
7468
7468
7468
7471
7472
7472
7472
7475
7476
7476
7476
7479
7480
7480
7480
7483
7484
7484
7484
7487
7488
7488
7488
7491
7492
7492
7492
7495
7496
7496
7496
7499
7500
7500
7500
7503
7504
7504
7504
7507
7508
7508
7508
7511
7512
7512
7512
7515
7516
7516
7516
7519
7520
7520
7520
7523
7524
7524
7524
7527
7528
7528
7528
7531
7532
7532
7532
7535
7536
7536
7536
7539
7540
7540
7540
7543
7544
7544
7544
7547
7548
7548
7548
7551
7552
7552
7552
7555
7556
7556
7556
7559
7560
7560
7560
7563
7564
7564
7564
7567
7568
7568
7568
7571
7572
7572
7572
7575
7576
7576
7576
7579
7580
7580
7580
7583
7584
7584
7584
7587
7588
7588
7588
7591
7592
7592
7592
7595
7596
7596
7596
7599
7600
7600
7600
7603
7604
7604
7604
7607
7608
7608
7608
7611
7612
7612
7612
7615
7616
7616
7616
7619
7620
7620
7620
7623
7624
7624
7624
7627
7628
7628
7628
7631
7632
7632
7632
7635
7636
7636
7636
7639
7640
7640
7640
7643
7644
7644
7644
7647
7648
7648
7648
7651
7652
7652
7652
7655
7656
7656
7656
7659
7660
7660
7660
7663
7664
7664
7664
7667
7668
7668
7668
7671
7672
7672
7672
7675
7676
7676
7676
7679
7680
7680
7680
7683
7684
7684
7684
7687
7688
7688
7688
7691
7692
7692
7692
7695
7696
7696
7696
7699
7700
7700
7700
7703
7704
7704
7704
7707
7708
7708
7708
7711
7712
7712
7712
7715
7716
7716
7716
7719
7720
7720
7720
7723
7724
7724
7724
7727
7728
7728
7728
7731
7732
7732
7732
7735
7736
7736
7736
7739
7740
7740
7740
7743
7744
7744
7744
7747
7748
7748
7748
7751
7752
7752
7752
7755
7756
7756
7756
7759
7760
7760
7760
7763
7764
7764
7764
7767
7768
7768
7768
7771
7772
7772
7772
7775
7776
7776
7776
7779
7780
7780
7780
7783
7784
7784
7784
7787
7788
7788
7788
7791
7792
7792
7792
7795
7796
7796
7796
7799
7800
7800
7800
7803
7804
7804
7804
7807
7808
7808
7808
7811
7812
7812
7812
7815
7816
7816
7816
7819
7820
7820
7820
7823
7824
7824
7824
7827
7828
7828
7828
7831
7832
7832
7832
7835
7836
7836
7836
7839
7840
7840
7840
7843
7844
7844
7844
7847
7848
7848
7848
7851
7852
7852
7852
7855
7856
7856
7856
7859
7860
7860
7860
7863
7864
7864
7864
7867
7868
7868
7868
7871
7872
7872
7872
7875
7876
7876
7876
7879
7880
7880
7880
7883
7884
7884
7884
7887
7888
7888
7888
7891
7892
7892
7892
7895
7896
7896
7896
7899
7900
7900
7900
7903
7904
7904
7904
7907
7908
7908
7908
7911
7912
7912
7912
7915
7916
7916
7916
7919
7920
7920
7920
7923
7924
7924
7924
7927
7928
7928
7928
7931
7932
7932
7932
7935
7936
7936
7936
7939
7940
7940
7940
7943
7944
7944
7944
7947
7948
7948
7948
7951
7952
7952
7952
7955
7956
7956
7956
7959
7960
7960
7960
7963
7964
7964
7964
7967
7968
7968
7968
7971
7972
7972
7972
7975
7976
7976
7976
7979
7980
7980
7980
7983
7984
7984
7984
7987
7988
7988
7988
7991
7992
7992
7992
7995
7996
7996
7996
7999
8000
8000
8000
8003
8004
8004
8004
8007
8008
8008
8008
8011
8012
8012
8012
8015
8016
8016
8016
8019
8020
8020
8020
8023
8024
8024
8024
8027
8028
8028
8028
8031
8032
8032
8032
8035
8036
8036
8036
8039
8040
8040
8040
8043
8044
8044
8044
8047
8048
8048
8048
8051
8052
8052
8052
8055
8056
8056
8056
8059
8060
8060
8060
8063
8064
8064
8064
8067
8068
8068
8068
8071
8072
8072
8072
8075
8076
8076
8076
8079
8080
8080
8080
8083
8084
8084
8084
8087
8088
8088
8088
8091
8092
8092
8092
8095
8096
8096
8096
8099
8100
8100
8100
8103
8104
8104
8104
8107
8108
8108
8108
8111
8112
8112
8112
8115
8116
8116
8116
8119
8120
8120
8120
8123
8124
8124
8124
8127
8128
8128
8128
8131
8132
8132
8132
8135
8136
8136
8136
8139
8140
8140
8140
8143
8144
8144
8144
8147
8148
8148
8148
8151
8152
8152
8152
8155
8156
8156
8156
8159
8160
8160
8160
8163
8164
8164
8164
8167
8168
8168
8168
8171
8172
8172
8172
8175
8176
8176
8176
8179
8180
8180
8180
8183
8184
8184
8184
8187
8188
8188
8188
8191
8192
8192
8192
8195
8196
8196
8196
8199
8200
8200
8200
8203
8204
8204
8204
8207
8208
8208
8208
8211
8212
8212
8212
8215
8216
8216
8216
8219
8220
8220
8220
8223
8224
8224
8224
8227
8228
8228
8228
8231
8232
8232
8232
8235
8236
8236
8236
8239
8240
8240
8240
8243
8244
8244
8244
8247
8248
8248
8248
8251
8252
8252
8252
8255
8256
8256
8256
8259
8260
8260
8260
8263
8264
8264
8264
8267
8268
8268
8268
8271
8272
8272
8272
8275
8276
8276
8276
8279
8280
8280
8280
8283
8284
8284
8284
8287
8288
8288
8288
8291
8292
8292
8292
8295
8296
8296
8296
8299
8300
8300
8300
8303
8304
8304
8304
8307
8308
8308
8308
8311
8312
8312
8312
8315
8316
8316
8316
8319
8320
8320
8320
8323
8324
8324
8324
8327
8328
8328
8328
8331
8332
8332
8332
8335
8336
8336
8336
8339
8340
8340
8340
8343
8344
8344
8344
8347
8348
8348
8348
8351
8352
8352
8352
8355
8356
8356
8356
8359
8360
8360
8360
8363
8364
8364
8364
8367
8368
8368
8368
8371
8372
8372
8372
8375
8376
8376
8376
8379
8380
8380
8380
8383
8384
8384
8384
8387
8388
8388
8388
8391
8392
8392
8392
8395
8396
8396
8396
8399
8400
8400
8400
8403
8404
8404
8404
8407
8408
8408
8408
8411
8412
8412
8412
8415
8416
8416
8416
8419
8420
8420
8420
8423
8424
8424
8424
8427
8428
8428
8428
8431
8432
8432
8432
8435
8436
8436
8436
8439
8440
8440
8440
8443
8444
8444
8444
8447
8448
8448
8448
8451
8452
8452
8452
8455
8456
8456
8456
8459
8460
8460
8460
8463
8464
8464
8464
8467
8468
8468
8468
8471
8472
8472
8472
8475
8476
8476
8476
8479
8480
8480
8480
8483
8484
8484
8484
8487
8488
8488
8488
8491
8492
8492
8492
8495
8496
8496
8496
8499
8500
8500
8500
8503
8504
8504
8504
8507
8508
8508
8508
8511
8512
8512
8512
8515
8516
8516
8516
8519
8520
8520
8520
8523
8524
8524
8524
8527
8528
8528
8528
8531
8532
8532
8532
8535
8536
8536
8536
8539
8540
8540
8540
8543
8544
8544
8544
8547
8548
8548
8548
8551
8552
8552
8552
8555
8556
8556
8556
8559
8560
8560
8560
8563
8564
8564
8564
8567
8568
8568
8568
8571
8572
8572
8572
8575
8576
8576
8576
8579
8580
8580
8580
8583
8584
8584
8584
8587
8588
8588
8588
8591
8592
8592
8592
8595
8596
8596
8596
8599
8600
8600
8600
8603
8604
8604
8604
8607
8608
8608
8608
8611
8612
8612
8612
8615
8616
8616
8616
8619
8620
8620
8620
8623
8624
8624
8624
8627
8628
8628
8628
8631
8632
8632
8632
8635
8636
8636
8636
8639
8640
8640
8640
8643
8644
8644
8644
8647
8648
8648
8648
8651
8652
8652
8652
8655
8656
8656
8656
8659
8660
8660
8660
8663
8664
8664
8664
8667
8668
8668
8668
8671
8672
8672
8672
8675
8676
8676
8676
8679
8680
8680
8680
8683
8684
8684
8684
8687
8688
8688
8688
8691
8692
8692
8692
8695
8696
8696
8696
8699
8700
8700
8700
8703
8704
8704
8704
8707
8708
8708
8708
8711
8712
8712
8712
8715
8716
8716
8716
8719
8720
8720
8720
8723
8724
8724
8724
8727
8728
8728
8728
8731
8732
8732
8732
8735
8736
8736
8736
8739
8740
8740
8740
8743
8744
8744
8744
8747
8748
8748
8748
8751
8752
8752
8752
8755
8756
8756
8756
8759
8760
8760
8760
8763
8764
8764
8764
8767
8768
8768
8768
8771
8772
8772
8772
8775
8776
8776
8776
8779
8780
8780
8780
8783
8784
8784
8784
8787
8788
8788
8788
8791
8792
8792
8792
8795
8796
8796
8796
8799
8800
8800
8800
8803
8804
8804
8804
8807
8808
8808
8808
8811
8812
8812
8812
8815
8816
8816
8816
8819
8820
8820
8820
8823
8824
8824
8824
8827
8828
8828
8828
8831
8832
8832
8832
8835
8836
8836
8836
8839
8840
8840
8840
8843
8844
8844
8844
8847
8848
8848
8848
8851
8852
8852
8852
8855
8856
8856
8856
8859
8860
8860
8860
8863
8864
8864
8864
8867
8868
8868
8868
8871
8872
8872
8872
8875
8876
8876
8876
8879
8880
8880
8880
8883
8884
8884
8884
8887
8888
8888
8888
8891
8892
8892
8892
8895
8896
8896
8896
8899
8900
8900
8900
8903
8904
8904
8904
8907
8908
8908
8908
8911
8912
8912
8912
8915
8916
8916
8916
8919
8920
8920
8920
8923
8924
8924
8924
8927
8928
8928
8928
8931
8932
8932
8932
8935
8936
8936
8936
8939
8940
8940
8940
8943
8944
8944
8944
8947
8948
8948
8948
8951
8952
8952
8952
8955
8956
8956
8956
8959
8960
8960
8960
8963
8964
8964
8964
8967
8968
8968
8968
8971
8972
8972
8972
8975
8976
8976
8976
8979
8980
8980
8980
8983
8984
8984
8984
8987
8988
8988
8988
8991
8992
8992
8992
8995
8996
8996
8996
8999
9000
9000
9000
9003
9004
9004
9004
9007
9008
9008
9008
9011
9012
9012
9012
9015
9016
9016
9016
9019
9020
9020
9020
9023
9024
9024
9024
9027
9028
9028
9028
9031
9032
9032
9032
9035
9036
9036
9036
9039
9040
9040
9040
9043
9044
9044
9044
9047
9048
9048
9048
9051
9052
9052
9052
9055
9056
9056
9056
9059
9060
9060
9060
9063
9064
9064
9064
9067
9068
9068
9068
9071
9072
9072
9072
9075
9076
9076
9076
9079
9080
9080
9080
9083
9084
9084
9084
9087
9088
9088
9088
9091
9092
9092
9092
9095
9096
9096
9096
9099
9100
9100
9100
9103
9104
9104
9104
9107
9108
9108
9108
9111
9112
9112
9112
9115
9116
9116
9116
9119
9120
9120
9120
9123
9124
9124
9124
9127
9128
9128
9128
9131
9132
9132
9132
9135
9136
9136
9136
9139
9140
9140
9140
9143
9144
9144
9144
9147
9148
9148
9148
9151
9152
9152
9152
9155
9156
9156
9156
9159
9160
9160
9160
9163
9164
9164
9164
9167
9168
9168
9168
9171
9172
9172
9172
9175
9176
9176
9176
9179
9180
9180
9180
9183
9184
9184
9184
9187
9188
9188
9188
9191
9192
9192
9192
9195
9196
9196
9196
9199
9200
9200
9200
9203
9204
9204
9204
9207
9208
9208
9208
9211
9212
9212
9212
9215
9216
9216
9216
9219
9220
9220
9220
9223
9224
9224
9224
9227
9228
9228
9228
9231
9232
9232
9232
9235
9236
9236
9236
9239
9240
9240
9240
9243
9244
9244
9244
9247
9248
9248
9248
9251
9252
9252
9252
9255
9256
9256
9256
9259
9260
9260
9260
9263
9264
9264
9264
9267
9268
9268
9268
9271
9272
9272
9272
9275
9276
9276
9276
9279
9280
9280
9280
9283
9284
9284
9284
9287
9288
9288
9288
9291
9292
9292
9292
9295
9296
9296
9296
9299
9300
9300
9300
9303
9304
9304
9304
9307
9308
9308
9308
9311
9312
9312
9312
9315
9316
9316
9316
9319
9320
9320
9320
9323
9324
9324
9324
9327
9328
9328
9328
9331
9332
9332
9332
9335
9336
9336
9336
9339
9340
9340
9340
9343
9344
9344
9344
9347
9348
9348
9348
9351
9352
9352
9352
9355
9356
9356
9356
9359
9360
9360
9360
9363
9364
9364
9364
9367
9368
9368
9368
9371
9372
9372
9372
9375
9376
9376
9376
9379
9380
9380
9380
9383
9384
9384
9384
9387
9388
9388
9388
9391
9392
9392
9392
9395
9396
9396
9396
9399
9400
9400
9400
9403
9404
9404
9404
9407
9408
9408
9408
9411
9412
9412
9412
9415
9416
9416
9416
9419
9420
9420
9420
9423
9424
9424
9424
9427
9428
9428
9428
9431
9432
9432
9432
9435
9436
9436
9436
9439
9440
9440
9440
9443
9444
9444
9444
9447
9448
9448
9448
9451
9452
9452
9452
9455
9456
9456
9456
9459
9460
9460
9460
9463
9464
9464
9464
9467
9468
9468
9468
9471
9472
9472
9472
9475
9476
9476
9476
9479
9480
9480
9480
9483
9484
9484
9484
9487
9488
9488
9488
9491
9492
9492
9492
9495
9496
9496
9496
9499
9500
9500
9500
9503
9504
9504
9504
9507
9508
9508
9508
9511
9512
9512
9512
9515
9516
9516
9516
9519
9520
9520
9520
9523
9524
9524
9524
9527
9528
9528
9528
9531
9532
9532
9532
9535
9536
9536
9536
9539
9540
9540
9540
9543
9544
9544
9544
9547
9548
9548
9548
9551
9552
9552
9552
9555
9556
9556
9556
9559
9560
9560
9560
9563
9564
9564
9564
9567
9568
9568
9568
9571
9572
9572
9572
9575
9576
9576
9576
9579
9580
9580
9580
9583
9584
9584
9584
9587
9588
9588
9588
9591
9592
9592
9592
9595
9596
9596
9596
9599
9600
9600
9600
9603
9604
9604
9604
9607
9608
9608
9608
9611
9612
9612
9612
9615
9616
9616
9616
9619
9620
9620
9620
9623
9624
9624
9624
9627
9628
9628
9628
9631
9632
9632
9632
9635
9636
9636
9636
9639
9640
9640
9640
9643
9644
9644
9644
9647
9648
9648
9648
9651
9652
9652
9652
9655
9656
9656
9656
9659
9660
9660
9660
9663
9664
9664
9664
9667
9668
9668
9668
9671
9672
9672
9672
9675
9676
9676
9676
9679
9680
9680
9680
9683
9684
9684
9684
9687
9688
9688
9688
9691
9692
9692
9692
9695
9696
9696
9696
9699
9700
9700
9700
9703
9704
9704
9704
9707
9708
9708
9708
9711
9712
9712
9712
9715
9716
9716
9716
9719
9720
9720
9720
9723
9724
9724
9724
9727
9728
9728
9728
9731
9732
9732
9732
9735
9736
9736
9736
9739
9740
9740
9740
9743
9744
9744
9744
9747
9748
9748
9748
9751
9752
9752
9752
9755
9756
9756
9756
9759
9760
9760
9760
9763
9764
9764
9764
9767
9768
9768
9768
9771
9772
9772
9772
9775
9776
9776
9776
9779
9780
9780
9780
9783
9784
9784
9784
9787
9788
9788
9788
9791
9792
9792
9792
9795
9796
9796
9796
9799
9800
9800
9800
9803
9804
9804
9804
9807
9808
9808
9808
9811
9812
9812
9812
9815
9816
9816
9816
9819
9820
9820
9820
9823
9824
9824
9824
9827
9828
9828
9828
9831
9832
9832
9832
9835
9836
9836
9836
9839
9840
9840
9840
9843
9844
9844
9844
9847
9848
9848
9848
9851
9852
9852
9852
9855
9856
9856
9856
9859
9860
9860
9860
9863
9864
9864
9864
9867
9868
9868
9868
9871
9872
9872
9872
9875
9876
9876
9876
9879
9880
9880
9880
9883
9884
9884
9884
9887
9888
9888
9888
9891
9892
9892
9892
9895
9896
9896
9896
9899
9900
9900
9900
9903
9904
9904
9904
9907
9908
9908
9908
9911
9912
9912
9912
9915
9916
9916
9916
9919
9920
9920
9920
9923
9924
9924
9924
9927
9928
9928
9928
9931
9932
9932
9932
9935
9936
9936
9936
9939
9940
9940
9940
9943
9944
9944
9944
9947
9948
9948
9948
9951
9952
9952
9952
9955
9956
9956
9956
9959
9960
9960
9960
9963
9964
9964
9964
9967
9968
9968
9968
9971
9972
9972
9972
9975
9976
9976
9976
9979
9980
9980
9980
9983
9984
9984
9984
9987
9988
9988
9988
9991
9992
9992
9992
9995
9996
9996
9996
9999
10000
